[[-0.  0.  0.]]
[[ -0.91999327  38.46486031 178.96852805]]
[[ -0.68381313  72.74498058 178.73202595]]
[[  0.21760753  98.40770372 177.83039534]]
[[  9.16701269 112.06262787 168.88102848]]
[[ 20.99210142 113.25963294 157.05607556]]
[[  0.65741184 102.1038663  177.39091498]]
[[ -0.59339757  78.61699349 178.64194504]]
[[ -0.89307704  45.68310626 178.94211714]]
[[ -0.97102556   7.70208262 179.02506368]]
[[ -0.94170268  31.08581984 178.9881353 ]]
[[ -0.75506453  66.53672926 178.80235587]]
[[-8.51070874e-02  9.42339104e+01  1.78132755e+02]]
[[  4.69045477 110.3820307  173.35728376]]
[[ 56.52387867 113.98099032 121.52393411]]
[[  1.33710296 105.30924866 176.71099901]]
[[ -0.47444136  84.11870244 178.52293676]]
[[ -0.85835069  52.70704539 178.90765063]]
[[ -0.96566865  15.37328824 179.01828737]]
[[ -0.95788921  23.57874087 179.00311515]]
[[ -0.8115487   60.0270246  178.85903576]]
[[ -0.30368602  89.60126266 178.35200349]]
[[  2.56255124 108.20902755 175.48610312]]
[[ 88.97196385 114.23196793  89.07679001]]
[[  2.4434905  108.01681573 175.6053061 ]]
[[ -0.31898289  89.21744444 178.36758056]]
[[ -0.81580579  59.50218629 178.86352967]]
