1.0,0.0,-1.734723475976807e-18,1.734723475976807e-18
0.9422223195182865,0.334888111823431,-0.006596287015263061,-0.004852026229279152
0.7755657990075652,0.6310780943764157,-0.012432388737871065,-0.009141439616352597
0.5192884928583186,0.8543436327298297,-0.016832583768664446,-0.01237265220576362
0.20300461713196416,0.9788852778763644,-0.019285969280210348,-0.014170023604097812
-0.13673753068373268,0.9903115257439251,-0.019509772661945708,-0.01432823966626839
-0.4606789237430562,0.8873019674912043,-0.01747911721557034,-0.01283075081754005
-0.7313863973429873,0.6817599098356403,-0.013428656064790906,-0.009850599922814956
-0.9175782515750834,0.39743683950436837,-0.007826441711167583,-0.005732159395351407
-0.9977390194593215,0.0671878116049324,-0.0013198400582062457,-0.0009513371181407546
-0.9626056944530484,-0.27082508681206974,0.005340014920106234,0.003941268888614933
-0.8162381205125171,-0.5775426338670331,0.01138295406654977,0.008382424759162696
-0.5755498555217093,-0.817522017379459,0.016109935878652268,0.011856849275629558
-0.26835371906290656,-0.9630323481734465,0.018976527050014062,0.013959557935871433
0.06985212837226817,-0.9972591279809284,0.019650278780912224,0.014449164834524466
0.3999861879349552,-0.9162473000562439,0.018051400155563793,0.013269572462221442
0.6838996989965856,-0.7293581842435615,0.014366585461498157,0.010556609848448648
0.8887849331806396,-0.45818781986198037,0.00902163479237296,0.0066237743685000315
0.9909663032199113,-0.13407130756430596,0.0026356084613433613,0.001929750942222714
0.9786362043583821,0.20553792578041527,-0.004055051372375839,-0.0029828079507945304
0.8532194455999452,0.5213961861942132,-0.010275145732589024,-0.0075508974583037135
0.6292086055289297,0.7770043671540245,-0.01530595373917984,-0.01124597403732929
0.3324893377650124,0.9428255304712766,-0.018569165789862226,-0.013639847726727767
-0.0026508555190552824,0.9996981352800132,-0.019688196690224733,-0.014456354788431373
-0.3374847279867864,0.9410502216060592,-0.018532758495480313,-0.013604251299515363
-0.6333204308664069,0.7736588696549038,-0.015237753278471327,-0.011180166658431074
-0.8559725628246821,0.5168670528867944,-0.01018452752383524,-0.007463024224930137
