1.0,0.0,0.0,0.0
0.942222319562594,0.21466355009684346,-0.1856131178518809,-0.17800121139815053
0.7755657989638295,0.4045215761955778,-0.3497776448872886,-0.335433428577034
0.5192884925836376,0.5476349655753842,-0.4735234899418037,-0.45410451486722264
0.20300461704480627,0.6274661988804616,-0.5425511572333932,-0.5203013900670479
-0.1367375305508438,0.6347916462137566,-0.5488840811908214,-0.5263731367113957
-0.46067892343259553,0.5687635156679648,-0.4917905069635776,-0.47161964548829893
-0.7313863967926559,0.4370112190107579,-0.3778668935110784,-0.36236962322147553
-0.9175782511324123,0.2547599332344214,-0.22027873481626226,-0.2112458483732247
-0.9977390195316836,0.04306977143673826,-0.03723618742670593,-0.03571148328290004
-0.9626056954700899,-0.17359733334211294,0.15010920103854558,0.143949535145555
-0.8162381228883001,-0.3702043356197111,0.32010866660715814,0.3069764130925039
-0.5755498594563735,-0.5240322422973533,0.4531178596868256,0.4345305208444931
-0.26835372431351817,-0.617305414106288,0.5337668549715594,0.5118722974491767
0.06985212228448566,-0.6392456360181951,0.552736228707041,0.5300644860003014
0.39998618193635926,-0.5873186260744712,0.507834370754911,0.48700322135067287
0.6838996941140867,-0.4675243892247246,0.4042504475325913,0.3876644548322766
0.888784930063121,-0.29370673125298585,0.2539522231447333,0.24352817592473108
0.9909663023202262,-0.08595071829636294,0.07430955096652055,0.0712485250743532
0.9786362051922973,0.13173826269896177,-0.11391832987938488,-0.10926491726702604
0.8532194475823074,0.3342037807192234,-0.28898449600592857,-0.2771504434211105
0.6292086085572853,0.4980491701403642,-0.430659297115764,-0.4130086207909642
0.3324893417167632,0.6043407822852742,-0.522569911095661,-0.5011424393613538
-0.0026508507948429377,0.6407961827108798,-0.5540950409281555,-0.5313679618042968
-0.33748472308902233,0.6032041090044213,-0.5215895910480279,-0.5001931257744932
-0.6333204262781161,0.4959078842536435,-0.42881084398192165,-0.41121997528997895
-0.8559725592495823,0.3313053255072972,-0.28648178694610454,-0.274728856966991
