1.0000000000000002,5.551115123125783e-17,-1.734723475976807e-18,0.0
0.9995623528742832,0.004234019204273236,0.02490612408048125,0.015390282034223515
0.9980586370812542,0.010303562456659233,0.05386394093640096,0.02952066081597128
0.9950965756959306,0.016815781030562894,0.08796204368510561,0.04198468074554568
0.9904240481318245,0.020707398984568637,0.1262109718325363,0.051982680755713676
0.983976888826234,0.021841730140450714,0.16637748253892146,0.06025740107512271
0.9758177183314125,0.022269204520528857,0.206276456668423,0.06880324516198158
0.9659562744487932,0.022419568434373982,0.24570907386950266,0.07780032019481622
0.95442007502357,0.022048663986385206,0.28465559331372386,0.08699063170037781
0.9412313859755217,0.021218389856889047,0.3230923290149159,0.09614886852271011
0.9264219513539667,0.020050014207607974,0.3609894060249675,0.1050095886932475
0.9100188475859562,0.018640680308838097,0.39826256786187236,0.11360083237379766
0.8920321183463985,0.01724787063132024,0.43485102900431977,0.12200734965979207
0.8724992007988311,0.015741209349760463,0.4707623883861395,0.1299235645084671
0.8514777832173405,0.014105187009742594,0.5060060037075597,0.1369107468338757
0.8290057175372235,0.012631869957537819,0.5405509145175005,0.14280989099590927
0.8051290225107236,0.01160964712471119,0.5743606079268522,0.14745292559479312
0.7799235034840423,0.011104001573946896,0.6073860963265225,0.15059269521278768
0.7534508508990844,0.011066268677829984,0.6395087174538354,0.15237438524091496
0.725753926151073,0.011312841565863225,0.6706220848647046,0.1530335831891998
0.6968586574670613,0.011704151899558334,0.7006200122092098,0.1529137758133132
0.6968440399435906,0.012597368966047368,0.7006041740456704,0.15298196495016333
0.7256852099283021,0.014438529265919514,0.6706271987616007,0.15307405150815745
0.7532531305478902,0.017058153471248692,0.6395938630094979,0.15244156624930663
0.7795222624696283,0.020508571679343696,0.6076692206412841,0.1505408884227772
0.804433314403636,0.024893768782712208,0.5749606376668819,0.14726713172689335
0.82802495433471,0.029128864548233657,0.5413808973495391,0.1429437240110236
0.8502867070958172,0.032781414886607754,0.5068682451903285,0.13792199459063914
0.8710997153870512,0.03629222927767878,0.4714977731091098,0.13250664096491446
0.8904297210630104,0.03975216737444561,0.4353975442320751,0.12642648264252754
0.9082799600433584,0.04277584832617744,0.3985823020460647,0.11970751638585697
0.9246342749009739,0.0450139655479721,0.3610503720247656,0.11255145243298322
0.9394440355944573,0.046241627755211144,0.32285020917046947,0.1052347769852372
0.9394217202945706,0.04676435342769629,0.32288464306871545,0.10509725951549545
0.9245307922445974,0.047452884583226565,0.36117404862284813,0.11200153810411888
0.9080239635142541,0.04839703561415274,0.39881644338598293,0.11872511576150217
0.8899576646578695,0.049038693617589314,0.43577017294075987,0.12519951285916203
0.8703850317214158,0.0487444689079017,0.4719770809381253,0.13149718010407205
0.8703700208759421,0.04928392979428794,0.47204849836363694,0.1311386145156304
0.8898221939963052,0.052211607028029065,0.43628921174754637,0.12305338222030537
0.9075976761801477,0.05653833805010801,0.4002801591299518,0.1133387344636756
0.9237344973000806,0.06121352277840952,0.36400064206232,0.10232798104644905
0.9382869351991333,0.06562241271956062,0.32730226319023414,0.09046852874912502
0.9512634917733576,0.06961767757456074,0.29003118332131417,0.07831386141368187
0.962709341053813,0.07256543037673319,0.25203353829647906,0.06636323180594438
0.972623655242537,0.07413373146142763,0.21331280183692433,0.05481846125833771
0.9726014666626536,0.07440003732616189,0.21339114446968632,0.05454576934500081
0.9625815482123379,0.07408086425236508,0.2524562294181347,0.06492026510065443
0.9508746204183207,0.07392944431093827,0.291261893781892,0.07442044570395887
0.9375116713493845,0.0737891611490817,0.3297649179788443,0.0829585718958816
0.9225320221205108,0.07347125853917236,0.3678754725943624,0.09057747509389731
0.9059757628565298,0.07298784431880559,0.40547517603345584,0.09731687067955169
0.8878659464365107,0.07252458064995423,0.4424758933735275,0.1031955916851385
0.8682239249742512,0.07209305031594683,0.4787584659601677,0.10853635091486488
0.8470856127784346,0.07163587005745219,0.5142565149514469,0.11337770316463242
